name,label
administration,Administration